2584
2586
2598
2605
2606
2607
2621
2627
2734
2738
2781
2851
2887
2911
2963
2969
3008
3009
3010
3060
3067
3133
3135
3138
3185
3186
3188
3217
3223
3273
3497
3509
3608
3669
3672
3676
3702
3703
3706
3707
3712
3745
3817
3821
3822
3869
4003
4017
4039
4068
4135
4139
4141
4179
4186
4188
4260
4263
4284
4285
4286
4287
4291
4318
4320
4323
4375
23083
23112
23486
24437
26132
26134
26162
26267
26359
26400
26435
26501
26587
26620
26655
26748
26872
26910
26942
26972
27041
27058
27064
27068
27070
27073
27075
27078
27081
27142
27175
27205
27211
27227
27255
27298
31919
31924
31925
31935
31944
31950
33863
33893
33897
34073
34077
34080
35882
35982
36005
36031
36035
36047
36074
36092
36094
36101
36108
36129
36142
36149
36151
36174
36183
36186
36189
36214
36232
36238
36244
36247
36250
36280
36286
36289
36301
36307
36316
36368
36383
36427
36439
36447
36469
36528
36537
36541
36598
36610
36622
36649
36670
36676
36679
36685
36695
36761
36764
36773
36776
36789
36938
36941
36947
36953
37074
37123
37130
37161
37166
37175
37181
37190
37192
37212
37217
37224
37230
37235
37248
37253
37254
37264
37277
37284
37292
37295
37298
37301
37307
37310
37319
37326
37329
37332
37338
37347
37353
37381
37384
37387
37400
37418
37433
37436
37439
37442
37448
37459
37468
37480
37526
37588
37698
37718
37728
37735
37980
38009
38103
38109
38145
38275
38284
38292
38307
38313
38325
38326
39947
40362
41744
43232
43279
43709
43712
43719
43722
43731
43765
43771
43791
43813
43816
43820
43859
47211
48689
50531
50552
50586
50625
50638
50639
50654
50818
50859
50875
50881
50999
51060
51076
51079
51158
51262
51266
51300
51379
51419
51440
51441
51496
51669
51982
52035
52096
52358
52458
52474
53306
53342
55808
55812
55815
55867
55938
55943
56112
56117
56155
56187
56194
56202
56220
56227
56280
56319
56630
56640
56982
57122
57130
57150
57471
57836
57875
57928
57931
57934
58018
58023
58027
58036
58042
58045
58065
58113
58140
58153
58156
58165
58170
58190
58201
58212
58264
58268
58271
58289
58293
58363
58427
58440
58506
58512
58645
58654
58663
58798
59024
59032
59052
59104
59168
59179
59235
59241
59265
59381
59443
59464
59475
59498
59504
59515
59519
59534
59545
59572
59578
59582
59590
59596
59599
59601
59604
59611
59622
59625
59629
59635
59639
59653
59661
59692
59713
59732
59761
59827
59881
59897
59929
59982
60013
60020
60049
60057
60063
60093
60095
60103
60109
60127
60129
60150
60162
60170
60172
60180
60194
60200
60206
60214
60236
60240
60254
60262
60264
60270
60282
60286
60296
60304
60318
60320
60322
60334
60338
60346
60350
60360
60366
60386
60390
60404
60408
60416
60428
60436
60454
60458
60472
60478
60480
60482
60488
60490
60498
60506
60516
60518
60522
60534
60536
60542
60546
60550
60552
60566
60574
60582
60588
60590
60596
60600
60606
60609
60613
60617
60619
60621
60631
60635
60637
60639
60641
60643
60655
60657
60659
60665
60667
60669
60671
60675
60679
60681
60683
60685
60697
60699
60705
60707
60727
60750
60756
60768
60776
60778
60785
60787
60793
60799
60803
60809
60811
60815
60825
60841
60843
60849
60887
60893
60901
60938
60942
60986
60996
60998
61020
61036
61048
61064
61079
61092
61130
61135
61198
61223
61248
61258
61262
61264
61283
61297
61323
61331
61391
61416
61453
61455
61457
61477
61495
61499
61511
61521
61548
61554
61573
61575
61583
61600
61610
61625
61642
61654
61658
61670
61676
61688
61690
61691
61696
61724
61726
61750
61765
61772
61780
61820
61824
61826
61838
61854
61856
61860
61864
61880
61882
61884
61890
61892
61904
61912
61920
61930
61938
61956
61962
61976
61982
61992
61994
61996
62004
62016
62032
62042
62044
62046
62048
62050
62056
62064
62076
62078
62088
62090
62094
62098
62102
62104
62108
62114
62116
62118
62122
62124
62130
62136
62142
62146
62148
62150
62152
62154
62156
62162
62168
62174
62178
62182
62184
62190
62192
62194
62200
62206
62210
62230
62232
62234
62242
62250
62260
62264
62266
62268
62270
62272
62278
62286
62292
62294
62296
62300
62302
62316
62318
62322
62336
62340
62350
62352
62356
62376
62378
62398
62404
62418
62420
62428
62444
62452
62456
62458
62472
62496
62502
62508
62514
62518
62524
62526
62532
62534
62544
62556
62562
62564
62566
62574
62590
62596
62598
62604
62608
62610
62612
62614
62616
62618
62624
62632
62642
62644
62646
62660
62662
62666
62668
62670
62672
62674
62676
62678
62680
62682
62684
62688
62702
62708
62722
62723
62725
62729
62731
62737
62739
62743
62745
62759
62763
62765
62769
62773
62777
62813
62829
62831
62839
62849
62857
62859
62863
62871
62877
62879
62885
62899
62901
62917
62927
62935
62937
62939
62941
62949
62951
62953
62963
62965
62983
62985
62991
63005
63013
63017
63019
63021
63023
63037
63043
63057
63065
63075
63085
63087
63089
63093
63095
63097
63099
63105
63109
63111
63113
63117
63119
63121
63125
63127
63131
63133
63135
63137
63151
63163
63173
63181
63183
63197
63199
63203
63207
63211
63215
63217
63223
63225
63231
63233
63235
63237
63239
63241
63243
63259
63263
63267
63271
63285
63291
63293
63299
63301
63307
63311
63317
63325
63329
63345
63353
63357
63361
63375
63377
63383
63385
63387
63389
63391
63395
63397
63411
63417
63419
63431
63435
63437
63451
63469
63473
63475
63477
63485
63489
63493
63495
63497
63499
63501
63503
63507
63513
63515
63517
63521
63529
63533
63545
63547
63551
63553
63557
63563
63565
63585
63587
63593
63595
63597
63605
63615
63619
63631
63635
63637
63641
63651
63659
63665
63675
63677
63679
63683
63685
63687
63695
63703
63707
63715
63717
63725
63727
63731
63733
63743
63747
63755
63757
63759
63777
63785
63787
63789
63791
63793
63795
63797
63799
63801
63803
63805
63807
63809
63819
63831
63833
63837
63851
63855
63861
63879
63895
63897
63899
63901
63917
63927
63929
63935
63937
63939
63945
63953
63959
63961
74044
74048
74056
74058
74060
74064
74068
74076
74080
74084
74086
74094
74100
74106
74108
74118
74124
74130
74142
74144
74146
74150
74152
74154
74156
74162
74185
74201
74203
74205
74219
74227
74239
74247
74255
74257
74265
74271
74275
74281
74295
74296
74298
74300
74304
74306
74308
74321
74329
74351
74353
74357
74368
74370
74372
74374
74376
74378
74380
74382
74384
74386
74388
74392
74400
74402
74413
74421
74423
74435
74437
74439
74441
74445
74447
74449
74451
74454
74456
74466
74468
74478
74482
74492
74494
74500
74502
74504
74508
74520
74526
74528
74530
74546
74550
74553
74555
74567
74569
74577
74583
74585
74597
74613
74620
74624
74630
74636
74638
74659
74661
74665
74667
74671
74673
74675
74681
74709
74711
74713
74715
74717
74727
74733
74743
74772
74778
74786
74794
74796
74804
74806
74826
74828
74832
74837
74839
74841
74843
74845
74849
74851
74853
74855
74867
74871
74875
74877
74881
74889
74901
74905
74907
74909
74911
74915
74923
74925
74927
74929
74933
74937
74939
74941
74945
74957
74963
74977
74979
74987
74991
74993
74995
74997
75001
75005
75007
75009
75011
75014
75022
75024
75028
75030
75032
75034
75040
75048
75054
75062
75068
75076
75078
75080
75082
75084
75086
75093
75097
75107
75109
75113
75117
75119
75121
75125
75127
75141
75145
75147
75149
75157
75159
75163
75165
75167
75169
75175
75185
75187
75191
75199
75203
75207
75211
75217
75223
75225
75227
75235
75237
75245
75259
75263
75265
75269
75273
75275
75279
75281
75289
75295
75307
75309
75329
75331
75333
75335
75339
75347
75353
75357
75359
75363
75365
75367
75373
75375
75379
75381
75389
75397
75399
75401
75409
75411
75413
75415
75417
75419
75423
75425
75427
75429
75431
75435
75437
75443
75447
75451
75467
75485
75488
75492
75494
75496
75498
75500
75502
75504
75506
75508
75512
75517
75519
75521
75531
75533
75537
75539
75543
75545
75565
75575
75579
75581
75589
75593
75597
75603
75605
75607
75611
75613
75615
75839
91691
92810
92822
92836
92838
92862
92866
92870
92886
92900
92904
92908
92912
92914
92916
92942
92948
92964
92972
92982
92984
92990
93002
93010
93012
93016
93018
93040
93044
93048
93112
93114
93116
93118
93138
93143
93187
93300
93301
93308
93309
